-10 -9 -8 -7 -6 -5 -4 -3 -2 -1 0 1 2 3 4 5 6 7 8 9 10 
2 0.267949 0 0.267949 2 2 2 1.5 1 0.5 0 -0.5 -1 0 1 2 3 4 5 6 7 

-10 -9 -8 -7 -6 -5 -4 -3 -2 -1 0 1 2 3 4 5 6 7 8 9 10 -23 -22 -21 -20 -19 -18 -17 -16 -15 -14 -13 -12 -11 -10 -9 -8 -7 -6 -5 -4 -3 -2 -1 0 1 2 3 4 5 
2 0.267949 0 0.267949 2 2 2 1.5 1 0.5 0 -0.5 -1 0 1 2 3 4 5 6 7 7 7 7 7 7 7 7 7 7 7 7 7 7 2 0.267949 0 0.267949 2 2 2 1.5 1 0.5 0 -0.5 -1 0 1 2 

-10 -9 -8 -7 -6 -5 -4 -3 -2 -1 0 1 2 3 4 5 6 7 8 9 10 
2 0.267949 0 0.267949 2 2 2 1.5 1 0.5 0 -0.5 -1 0 1 2 3 4 5 6 7 

-10 -9 -8 -7 -6 -5 -4 -3 -2 -1 0 1 2 3 4 5 6 7 8 9 10 
2 0.267949 0 0.267949 2 2 2 1.5 1 0.5 0 -0.5 -1 0 1 2 3 4 5 6 7 

