x 4 5 6 7 8 
y 1 2 3 4 5 

x 4 5 6 7 8 2 3 4 5 
y 1 2 3 4 5 -1 0 1 2 

x 4 5 6 7 8 2 3 4 5 1 2 3 
y 1 2 3 4 5 -1 0 1 2 -0.5 -1 0 

x 4 5 6 7 8 2 3 4 5 1 2 3 -2 -1 0 1 2 3 4 5 6 7 8 9 10 
y 1 2 3 4 5 -1 0 1 2 -0.5 -1 0 1 0.5 0 -0.5 -1 0 1 2 3 4 5 6 7 

x -2 -1 0 1 2 3 4 5 
y 1 0.5 0 -0.5 -1 0 1 2 

x -1 0 1 2 3 4 5 
y 0.5 0 -0.5 -1 0 1 2 

x 4 5 6 7 8 9 10 11 12 
y 1 2 3 4 5 6 7 8 9 

x -10 -9 -8 -7 -6 -5 -4 -3 -2 -1 0 1 2 
y 2 0.267949 0 0.267949 2 2 2 1.5 1 0.5 0 -0.5 -1 

x 5 6 7 8 9 10 11 12 13 14 15 16 17 18 19 20 
y 2 3 4 5 6 7 8 9 10 11 12 13 14 15 16 17 

